 1.3319e-08   0.0000e+00   0.0000e+00 0
 1.3629e-08   0.0000e+00   0.0000e+00 0
 1.3947e-08   0.0000e+00   0.0000e+00 0
 1.4272e-08   0.0000e+00   0.0000e+00 0
 1.4604e-08   0.0000e+00   0.0000e+00 0
 1.4944e-08   0.0000e+00   0.0000e+00 0
 1.5292e-08   0.0000e+00   0.0000e+00 0
 1.5648e-08   0.0000e+00   0.0000e+00 0
 1.6013e-08   0.0000e+00   0.0000e+00 0
 1.6386e-08   0.0000e+00   0.0000e+00 0
 1.6768e-08   0.0000e+00   0.0000e+00 0
 1.7158e-08   0.0000e+00   0.0000e+00 0
 1.7558e-08   0.0000e+00   0.0000e+00 0
 1.7967e-08   0.0000e+00   0.0000e+00 0
 1.8385e-08   0.0000e+00   0.0000e+00 0
 1.8814e-08   0.0000e+00   0.0000e+00 0
 1.9252e-08   0.0000e+00   0.0000e+00 0
 1.9700e-08   0.0000e+00   0.0000e+00 0
 2.0159e-08   0.0000e+00   0.0000e+00 0
 2.0629e-08   0.0000e+00   0.0000e+00 0
 2.1109e-08   0.0000e+00   0.0000e+00 0
 2.1601e-08   0.0000e+00   0.0000e+00 0
 2.2104e-08   0.0000e+00   0.0000e+00 0
 2.2619e-08   0.0000e+00   0.0000e+00 0
 2.3146e-08   0.0000e+00   0.0000e+00 0
 2.3685e-08   0.0000e+00   0.0000e+00 0
 2.4237e-08   0.0000e+00   0.0000e+00 0
 2.4801e-08   0.0000e+00   0.0000e+00 0
 2.5379e-08   0.0000e+00   0.0000e+00 0
 2.5970e-08   0.0000e+00   0.0000e+00 0
 2.6575e-08   0.0000e+00   0.0000e+00 0
 2.7194e-08   3.0213e+02   1.5306e+01 1
 2.7827e-08   3.0213e+02   1.5408e+01 1
 2.8476e-08   3.0213e+02   1.5493e+01 1
 2.9139e-08   3.0213e+02   1.5558e+01 1
 2.9818e-08   3.0213e+02   1.5602e+01 1
 3.0512e-08   3.0213e+02   1.5621e+01 1
 3.1223e-08   3.0213e+02   1.5612e+01 1
 3.1950e-08   3.0213e+02   1.5570e+01 1
 3.2694e-08   3.0213e+02   1.5489e+01 1
 3.3456e-08   3.0213e+02   1.5363e+01 1
 3.4235e-08   3.0213e+02   1.5185e+01 1
 3.5033e-08   3.0213e+02   1.4952e+01 1
 3.5849e-08   3.0213e+02   1.4661e+01 1
 3.6684e-08   3.0213e+02   1.4313e+01 1
 3.7538e-08   3.0213e+02   1.3912e+01 1
 3.8412e-08   3.0213e+02   1.3464e+01 1
 3.9307e-08   3.0213e+02   1.2973e+01 1
 4.0223e-08   3.0213e+02   1.2443e+01 1
 4.1160e-08   3.0213e+02   1.1877e+01 1
 4.2118e-08   3.0213e+02   1.1274e+01 1
 4.3099e-08   3.0213e+02   1.0634e+01 1
 4.4103e-08   3.0213e+02   9.9588e+00 1
 4.5131e-08   3.0213e+02   9.2562e+00 1
 4.6182e-08   3.0213e+02   8.5366e+00 1
 4.7258e-08   3.0213e+02   7.8119e+00 1
 4.8358e-08   3.0213e+02   7.0903e+00 1
 4.9485e-08   3.0213e+02   6.3740e+00 1
 5.0637e-08   3.0213e+02   5.6602e+00 1
 5.1817e-08   3.0213e+02   4.9469e+00 1
 5.3024e-08   3.0213e+02   4.2407e+00 1
 5.4259e-08   3.0213e+02   3.5618e+00 1
 5.5523e-08   3.0213e+02   2.9439e+00 1
 5.6816e-08   3.0213e+02   2.4291e+00 1
 5.8140e-08   3.0213e+02   2.0597e+00 1
 5.9494e-08   3.0213e+02   1.8724e+00 1
 6.0880e-08   3.0213e+02   1.8960e+00 1
 6.2298e-08   3.0213e+02   2.1523e+00 1
 6.3749e-08   3.0213e+02   2.6584e+00 1
 6.5234e-08   3.0213e+02   3.4304e+00 1
 6.6753e-08   3.0213e+02   4.4852e+00 1
 6.8308e-08   3.0213e+02   5.8366e+00 1
 6.9899e-08   3.0213e+02   7.4862e+00 1
 7.1527e-08   3.0213e+02   9.4182e+00 1
 7.3193e-08   3.0213e+02   1.1608e+01 1
 7.4898e-08   3.0213e+02   1.4025e+01 1
 7.6643e-08   3.0213e+02   1.6608e+01 1
 7.8428e-08   3.0213e+02   1.9214e+01 1
 8.0255e-08   3.0213e+02   2.1650e+01 1
 8.2124e-08   3.0213e+02   2.3825e+01 1
 8.4037e-08   3.0213e+02   2.5895e+01 1
 8.5995e-08   3.0213e+02   2.8110e+01 1
 8.7998e-08   3.0213e+02   3.0437e+01 1
 9.0047e-08   3.0213e+02   3.2445e+01 1
 9.2145e-08   3.0213e+02   3.3723e+01 1
 9.4291e-08   3.0213e+02   3.4246e+01 1
 9.6488e-08   3.0213e+02   3.4127e+01 1
 9.8735e-08   3.0213e+02   3.3301e+01 1
 1.0103e-07   3.0213e+02   3.1851e+01 1
 1.0339e-07   3.0213e+02   3.0327e+01 1
 1.0580e-07   3.0213e+02   2.9120e+01 1
 1.0826e-07   3.0213e+02   2.7776e+01 1
 1.1078e-07   3.0213e+02   2.5515e+01 1
 1.1336e-07   3.0213e+02   2.2091e+01 1
 1.1600e-07   3.0213e+02   1.7673e+01 1
 1.1871e-07   3.0213e+02   1.2625e+01 1
 1.2147e-07   3.0213e+02   7.9676e+00 1
 1.2430e-07   3.0213e+02   4.7440e+00 1
 1.2720e-07   3.0213e+02   2.8459e+00 1
 1.3016e-07   3.0213e+02   1.6458e+00 1
 1.3319e-07   3.0213e+02   8.7217e-01 1
 1.3629e-07   3.0213e+02   8.1357e-01 1
 1.3947e-07   3.0213e+02   1.8947e+00 1
 1.4272e-07   3.0213e+02   3.7150e+00 1
 1.4604e-07   3.0213e+02   5.5500e+00 1
 1.4944e-07   3.0213e+02   7.1155e+00 1
 1.5292e-07   3.0213e+02   8.8866e+00 1
 1.5648e-07   3.0213e+02   1.1036e+01 1
 1.6013e-07   3.0213e+02   1.2503e+01 1
 1.6386e-07   3.0213e+02   1.2436e+01 1
 1.6768e-07   3.0213e+02   1.1388e+01 1
 1.7158e-07   3.0213e+02   1.0338e+01 1
 1.7558e-07   3.0213e+02   9.4450e+00 1
 1.7967e-07   3.0213e+02   8.0993e+00 1
 1.8385e-07   3.0213e+02   6.4140e+00 1
 1.8814e-07   3.0213e+02   5.0442e+00 1
 1.9252e-07   3.0213e+02   3.8776e+00 1
 1.9700e-07   3.0213e+02   1.3707e+00 1
 2.0159e-07   3.0213e+02   1.6638e+00 1
 2.0629e-07   3.0213e+02   2.3877e+00 1
 2.1109e-07   3.0213e+02   2.3391e+00 1
 2.1601e-07   3.0213e+02   2.2138e+00 1
 2.2104e-07   3.0213e+02   2.1241e+00 1
 2.2619e-07   3.0213e+02   2.7496e+00 1
 2.3146e-07   3.0213e+02   3.3506e+00 1
 2.3685e-07   3.0213e+02   2.9065e+00 1
 2.4237e-07   3.0213e+02   1.8818e+00 1
 2.4801e-07   3.0213e+02   1.4419e+00 1
 2.5379e-07   3.0213e+02   1.4840e+00 1
 2.5970e-07   3.0213e+02   1.4278e+00 1
 2.6575e-07   3.0213e+02   1.8012e+00 1
 2.7194e-07   3.0213e+02   3.0440e+00 1
 2.7827e-07   3.0213e+02   4.5812e+00 1
 2.8476e-07   3.0213e+02   6.7970e+00 1
 2.9139e-07   3.0213e+02   8.4354e+00 1
 2.9818e-07   3.0213e+02   6.9027e+00 1
 3.0512e-07   3.0213e+02   4.1837e+00 1
 3.1223e-07   3.0213e+02   2.3606e+00 1
 3.1950e-07   3.0213e+02   1.4214e+00 1
 3.2694e-07   3.0213e+02   1.5239e+00 1
 3.3456e-07   3.0213e+02   2.3589e+00 1
 3.4235e-07   3.0213e+02   3.0530e+00 1
 3.5033e-07   3.0213e+02   5.4199e+00 1
 3.5849e-07   3.0213e+02   6.8794e+00 1
 3.6684e-07   3.0213e+02   5.3779e+00 1
 3.7538e-07   3.0213e+02   3.0759e+00 1
 3.8412e-07   3.0213e+02   9.1841e-01 1
 3.9307e-07   3.0213e+02   2.7654e+00 1
 4.0223e-07   3.0213e+02   5.0791e+00 1
 4.1160e-07   3.0213e+02   5.9657e+00 1
 4.2118e-07   3.0213e+02   5.9147e+00 1
 4.3099e-07   3.0213e+02   4.1001e+00 1
 4.4103e-07   3.0213e+02   1.0598e+00 1
 4.5131e-07   3.0213e+02   5.9016e-01 1
 4.6182e-07   3.0213e+02   2.1716e+00 1
 4.7258e-07   3.0213e+02   2.0301e+00 1
 4.8358e-07   3.0213e+02   2.2042e+00 1
 4.9485e-07   3.0213e+02   1.8057e+00 1
 5.0637e-07   3.0213e+02   1.2712e+00 1
 5.1817e-07   3.0213e+02   9.6901e-01 1
 5.3024e-07   3.0213e+02   3.1800e+00 1
 5.4259e-07   3.0213e+02   3.8375e+00 1
 5.5523e-07   3.0213e+02   1.8702e+00 1
 5.6816e-07   3.0213e+02   6.0037e-01 1
 5.8140e-07   3.0213e+02   8.6623e-01 1
 5.9494e-07   3.0213e+02   7.6073e-01 1
 6.0880e-07   3.0213e+02   1.1266e+00 1
 6.2298e-07   3.0213e+02   7.0023e-01 1
 6.3749e-07   3.0213e+02   9.6762e-01 1
 6.5234e-07   3.0213e+02   1.2137e+00 1
 6.6753e-07   3.0213e+02   7.9186e-01 1
 6.8308e-07   3.0213e+02   2.3827e+00 1
 6.9899e-07   3.0213e+02   2.8702e+00 1
 7.1527e-07   3.0213e+02   9.0945e-01 1
 7.3193e-07   3.0213e+02   4.0843e-01 1
 7.4898e-07   3.0213e+02   2.0346e-01 1
 7.6643e-07   3.0213e+02   2.5063e-01 1
 7.8428e-07   3.0213e+02   3.5210e+00 1
 8.0255e-07   3.0213e+02   1.2819e+00 1
 8.2124e-07   3.0213e+02   2.7703e+00 1
 8.4037e-07   3.0213e+02   2.7384e+00 1
 8.5995e-07   3.0213e+02   2.1050e+00 1
 8.7998e-07   3.0213e+02   1.3033e+00 1
 9.0047e-07   3.0213e+02   1.0615e+00 1
 9.2145e-07   3.0213e+02   7.3150e-01 1
 9.4291e-07   3.0213e+02   3.2285e-02 1
 9.6488e-07   3.0213e+02   4.4358e-01 1
 9.8735e-07   3.0213e+02   6.9979e-01 1
 1.0103e-06   3.0213e+02   1.6173e+00 1
 1.0339e-06   3.0213e+02   1.5072e+00 1
 1.0580e-06   3.0213e+02   1.7197e+00 1
 1.0826e-06   3.0213e+02   1.0148e+00 1
 1.1078e-06   3.0213e+02   7.1274e-01 1
 1.1336e-06   3.0213e+02   3.3715e+00 1
 1.1600e-06   3.0213e+02   2.2275e+00 1
 1.1871e-06   3.0213e+02   8.4324e-01 1
 1.2147e-06   3.0213e+02   2.8317e-01 1
 1.2430e-06   3.0213e+02   2.4395e+00 1
 1.2720e-06   3.0213e+02   2.0878e+00 1
 1.3016e-06   3.0213e+02   1.7948e+00 1
 1.3319e-06   3.0213e+02   6.9857e-01 1
 1.3629e-06   3.0213e+02   2.1221e-01 1
 1.3947e-06   3.0213e+02   9.9126e-01 1
 1.4272e-06   3.0213e+02   8.8984e-01 1
 1.4604e-06   3.0213e+02   1.1143e-01 1
 1.4944e-06   3.0213e+02   1.2007e+00 1
 1.5292e-06   3.0213e+02   2.9367e+00 1
 1.5648e-06   3.0213e+02   1.1120e-01 1
 1.6013e-06   3.0213e+02   6.9157e-01 1
 1.6386e-06   3.0213e+02   1.7596e+00 1
 1.6768e-06   3.0213e+02   2.2055e-01 1
 1.7158e-06   3.0213e+02   3.9631e-01 1
 1.7558e-06   3.0213e+02   1.6610e+00 1
 1.7967e-06   3.0213e+02   6.6879e-01 1
 1.8385e-06   3.0213e+02   1.5379e+00 1
 1.8814e-06   3.0213e+02   1.0325e+00 1
 1.9252e-06   3.0213e+02   1.5626e-01 1
 1.9700e-06   3.0213e+02   2.2187e+00 1
 2.0159e-06   3.0213e+02   1.3153e-02 1
 2.0629e-06   3.0213e+02   3.2068e-01 1
 2.1109e-06   3.0213e+02   1.0199e+00 1
 2.1601e-06   3.0213e+02   1.2414e+00 1
 2.2104e-06   3.0213e+02   2.8248e+00 1
 2.2619e-06   3.0213e+02   2.3028e+00 1
 2.3146e-06   3.0213e+02   4.2683e+00 1
 2.3685e-06   3.0213e+02   1.2825e+00 1
 2.4237e-06   3.0213e+02   6.1932e-01 1
 2.4801e-06   3.0213e+02   3.4215e-01 1
 2.5379e-06   3.0213e+02   8.4472e-01 1
 2.5970e-06   3.0213e+02   2.3282e+00 1
 2.6575e-06   3.0213e+02   1.6056e-02 1
 2.7194e-06   3.0213e+02   2.8046e+00 1
 2.7827e-06   3.0213e+02   6.4321e-01 1
 2.8476e-06   3.0213e+02   6.9798e+00 1
 2.9139e-06   3.0213e+02   8.0355e-01 1
 2.9818e-06   3.0213e+02   6.7604e-02 1
 3.0512e-06   3.0213e+02   1.0754e-01 1
