1.02329e-09
1.04713e-09
1.07152e-09
1.09648e-09
1.12202e-09
1.14815e-09
1.1749e-09
1.20226e-09
1.23027e-09
1.25893e-09
1.28825e-09
1.31826e-09
1.34896e-09
1.38038e-09
1.41254e-09
1.44544e-09
1.47911e-09
1.51356e-09
1.54882e-09
1.58489e-09
1.62181e-09
1.65959e-09
1.69824e-09
1.7378e-09
1.77828e-09
1.8197e-09
1.86209e-09
1.90546e-09
1.94984e-09
1.99526e-09
2.04174e-09
2.0893e-09
2.13796e-09
2.18776e-09
2.23872e-09
2.29087e-09
2.34423e-09
2.39883e-09
2.45471e-09
2.51189e-09
2.5704e-09
2.63027e-09
2.69153e-09
2.75423e-09
2.81838e-09
2.88403e-09
2.95121e-09
3.01995e-09
3.0903e-09
3.16228e-09
3.23594e-09
3.31131e-09
3.38844e-09
3.46737e-09
3.54813e-09
3.63078e-09
3.71535e-09
3.80189e-09
3.89045e-09
3.98107e-09
4.0738e-09
4.16869e-09
4.2658e-09
4.36516e-09
4.46684e-09
4.57088e-09
4.67735e-09
4.7863e-09
4.89779e-09
5.01187e-09
5.12861e-09
5.24807e-09
5.37032e-09
5.49541e-09
5.62341e-09
5.7544e-09
5.88844e-09
6.0256e-09
6.16595e-09
6.30957e-09
6.45654e-09
6.60693e-09
6.76083e-09
6.91831e-09
7.07946e-09
7.24436e-09
7.4131e-09
7.58578e-09
7.76247e-09
7.94328e-09
8.12831e-09
8.31764e-09
8.51138e-09
8.70964e-09
8.91251e-09
9.12011e-09
9.33254e-09
9.54993e-09
9.77237e-09
1e-08
1.02329e-08
1.04713e-08
1.07152e-08
1.09648e-08
1.12202e-08
1.14815e-08
1.1749e-08
1.20226e-08
1.23027e-08
1.25893e-08
1.28825e-08
1.31826e-08
1.34896e-08
1.38038e-08
1.41254e-08
1.44544e-08
1.47911e-08
1.51356e-08
1.54882e-08
1.58489e-08
1.62181e-08
1.65959e-08
1.69824e-08
1.7378e-08
1.77828e-08
1.8197e-08
1.86209e-08
1.90546e-08
1.94984e-08
1.99526e-08
2.04174e-08
2.0893e-08
2.13796e-08
2.18776e-08
2.23872e-08
2.29087e-08
2.34423e-08
2.39883e-08
2.45471e-08
2.51189e-08
2.5704e-08
2.63027e-08
2.69153e-08
2.75423e-08
2.81838e-08
2.88403e-08
2.95121e-08
3.01995e-08
3.0903e-08
3.16228e-08
3.23594e-08
3.31131e-08
3.38844e-08
3.46737e-08
3.54813e-08
3.63078e-08
3.71535e-08
3.80189e-08
3.89045e-08
3.98107e-08
4.0738e-08
4.16869e-08
4.2658e-08
4.36516e-08
4.46684e-08
4.57088e-08
4.67735e-08
4.7863e-08
4.89779e-08
5.01187e-08
5.12861e-08
5.24807e-08
5.37032e-08
5.49541e-08
5.62341e-08
5.7544e-08
5.88844e-08
6.0256e-08
6.16595e-08
6.30957e-08
6.45654e-08
6.60693e-08
6.76083e-08
6.91831e-08
7.07946e-08
7.24436e-08
7.4131e-08
7.58578e-08
7.76247e-08
7.94328e-08
8.12831e-08
8.31764e-08
8.51138e-08
8.70964e-08
8.91251e-08
9.12011e-08
9.33254e-08
9.54993e-08
9.77237e-08
1e-07
1.02329e-07
1.04713e-07
1.07152e-07
1.09648e-07
1.12202e-07
1.14815e-07
1.1749e-07
1.20226e-07
1.23027e-07
1.25893e-07
1.28825e-07
1.31826e-07
1.34896e-07
1.38038e-07
1.41254e-07
1.44544e-07
1.47911e-07
1.51356e-07
1.54882e-07
1.58489e-07
1.62181e-07
1.65959e-07
1.69824e-07
1.7378e-07
1.77828e-07
1.8197e-07
1.86209e-07
1.90546e-07
1.94984e-07
1.99526e-07
2.04174e-07
2.0893e-07
2.13796e-07
2.18776e-07
2.23872e-07
2.29087e-07
2.34423e-07
2.39883e-07
2.45471e-07
2.51189e-07
2.5704e-07
2.63027e-07
2.69153e-07
2.75423e-07
2.81838e-07
2.88403e-07
2.95121e-07
3.01995e-07
3.0903e-07
3.16228e-07
