-1.3888e+01
-1.4032e+01
-1.3977e+01
-1.3928e+01
-1.3944e+01
-1.3961e+01
-1.3993e+01
-1.4027e+01
-1.4054e+01
-1.4082e+01
-1.4031e+01
-1.3984e+01
-1.4029e+01
-1.4080e+01
-1.4085e+01
-1.4092e+01
-1.4119e+01
-1.4149e+01
-1.4104e+01
-1.4063e+01
-1.4102e+01
-1.4145e+01
-1.4152e+01
-1.4159e+01
-1.4178e+01
-1.4198e+01
-1.4218e+01
-1.4241e+01
-1.4255e+01
-1.4270e+01
-1.4282e+01
-1.4295e+01
-1.4285e+01
-1.4276e+01
-1.4317e+01
-1.4363e+01
-1.4340e+01
-1.4318e+01
-1.4350e+01
-1.4385e+01
-1.4374e+01
-1.4364e+01
-1.4377e+01
-1.4392e+01
-1.4372e+01
-1.4353e+01
-1.4350e+01
-1.4348e+01
-1.4370e+01
-1.4394e+01
-1.4393e+01
-1.4392e+01
-1.4392e+01
-1.4392e+01
-1.4380e+01
-1.4369e+01
-1.4375e+01
-1.4382e+01
-1.4421e+01
-1.4464e+01
-1.4399e+01
-1.4341e+01
-1.4373e+01
-1.4409e+01
-1.4415e+01
-1.4421e+01
-1.4457e+01
-1.4498e+01
-1.4494e+01
-1.4490e+01
-1.4500e+01
-1.4511e+01
-1.4540e+01
-1.4571e+01
-1.4557e+01
-1.4542e+01
-1.4567e+01
-1.4595e+01
-1.4590e+01
-1.4586e+01
-1.4543e+01
-1.4504e+01
-1.4532e+01
-1.4562e+01
-1.4502e+01
-1.4448e+01
-1.4452e+01
-1.4455e+01
-1.4430e+01
-1.4405e+01
-1.4405e+01
-1.4405e+01
-1.4409e+01
-1.4414e+01
-1.4414e+01
-1.4413e+01
-1.4407e+01
-1.4401e+01
-1.4401e+01
-1.4401e+01
-1.4397e+01
-1.4393e+01
-1.4397e+01
-1.4402e+01
-1.4403e+01
-1.4403e+01
-1.4395e+01
-1.4386e+01
-1.4390e+01
-1.4395e+01
-1.4397e+01
-1.4400e+01
-1.4406e+01
-1.4413e+01
-1.4472e+01
-1.4541e+01
-1.4497e+01
-1.4455e+01
-1.4380e+01
-1.4314e+01
-1.4300e+01
-1.4287e+01
-1.4291e+01
-1.4296e+01
-1.4292e+01
-1.4288e+01
-1.4222e+01
-1.4163e+01
-1.4223e+01
-1.4295e+01
-1.4268e+01
-1.4242e+01
-1.4235e+01
-1.4228e+01
-1.4221e+01
-1.4213e+01
-1.4270e+01
-1.4337e+01
-1.4376e+01
-1.4421e+01
-1.4339e+01
-1.4268e+01
-1.4144e+01
-1.4046e+01
-1.4063e+01
-1.4080e+01
-1.3782e+01
-1.3603e+01
-1.3416e+01
-1.3283e+01
-1.3334e+01
-1.3394e+01
-1.3534e+01
-1.3750e+01
-1.3880e+01
-1.4073e+01
-1.3993e+01
-1.3925e+01
-1.3969e+01
-1.4020e+01
-1.3952e+01
-1.3892e+01
-1.4021e+01
-1.4210e+01
-1.4112e+01
-1.4030e+01
-1.3907e+01
-1.3809e+01
-1.3866e+01
-1.3934e+01
-1.4061e+01
-1.4247e+01
-1.4149e+01
-1.4068e+01
-1.4027e+01
-1.3989e+01
-1.3847e+01
-1.3738e+01
-1.3723e+01
-1.3708e+01
-1.3733e+01
-1.3759e+01
-1.3779e+01
-1.3800e+01
-1.3790e+01
-1.3779e+01
-1.3874e+01
-1.3998e+01
-1.3930e+01
-1.3870e+01
-1.3822e+01
-1.3777e+01
-1.3869e+01
-1.3990e+01
-1.3962e+01
-1.3936e+01
-1.3766e+01
-1.3641e+01
-1.3644e+01
-1.3647e+01
-1.3675e+01
-1.3707e+01
-1.3717e+01
-1.3729e+01
-1.3738e+01
-1.3747e+01
-1.3655e+01
-1.3577e+01
-1.3580e+01
-1.3582e+01
-1.3717e+01
-1.3919e+01
-1.3845e+01
-1.3780e+01
-1.3735e+01
-1.3694e+01
-1.3730e+01
-1.3770e+01
-1.3591e+01
-1.3463e+01
-1.3554e+01
-1.3672e+01
-1.3508e+01
-1.3387e+01
-1.3413e+01
-1.3442e+01
-1.3347e+01
-1.3267e+01
-1.3340e+01
-1.3431e+01
-1.3426e+01
-1.3421e+01
-1.3382e+01
-1.3346e+01
-1.3259e+01
-1.3184e+01
-1.3319e+01
-1.3520e+01
-1.3474e+01
-1.3431e+01
-1.3428e+01
-1.3425e+01
-1.3434e+01
-1.3442e+01
-1.3370e+01
-1.3306e+01
-1.3241e+01
-1.3182e+01
-1.3196e+01
-1.3210e+01
